Mixture	Plasma cells	Monocytes	Eosinophils	Neutrophils	B cells	T cells	Macrophages	P-value	Correlation	RMSE
GSM1426090	0.470151446413182	0	0	0	0.16989425756985	0.0465150220989128	0.313439273918055	9999	0.396708814685396	0.931728881151153
GSM1426091	0.63143987128108	0.059928690152511	0	0	0.0744770596919259	0.0584831824001561	0.175671196474327	9999	0.128619901861051	1.06654372296931
GSM1426092	0.685242723167275	0.0637497266870141	0	0	0.0485539857053059	0.0388292308893021	0.163624333551103	9999	0.139144242804056	1.06538084792151
GSM1426093	0.674852447928118	0	0	0.0416484470350569	0.158552885678366	0.00218422270120818	0.12276199665725	9999	0.428197364402554	0.919204590630639
GSM1426094	0.259809504987135	0	0	0.358670470843135	0.145616088571956	0.038222575434064	0.19768136016371	9999	0.542270194288771	0.846130315071738
GSM1426095	0.48762143021343	0	0	0.161457438198524	0.135817750384631	0.0477335014019738	0.167369879801441	9999	0.571625582471089	0.827257270783083
GSM1426096	0.284118275508561	0	0	0.525876866555922	0.041080842897258	0	0.148924015038259	9999	0.425891223773079	0.908355142889045
GSM1426097	0.0598684550259055	0	0	0.299616722187937	0.479958410522058	0	0.160556412264099	9999	0.515360857532321	0.857758147051255
GSM1426098	0.279369749994978	0	0	0.441646894904874	0.0449549421475531	0.0145611071966573	0.219467305755938	9999	0.387723171332508	0.924658933202663
GSM1426099	0.431812385446134	0	0	0.226499738811345	0.122824878002848	0.011435867871446	0.207427129868227	9999	0.445714133580175	0.897127246586709
GSM1426100	0.435254168705785	0	0	0.0487891323372542	0.263988764642669	0.0545959140207808	0.197372020293511	9999	0.62213674199595	0.786693591972299
GSM1426101	0.47706283542725	0	0	0.257014280363973	0.099372630163889	0.0106508748451154	0.155899379199772	9999	0.511958168154646	0.864881699618686
GSM1426102	0.359080912780483	0	0	0.0642812773861529	0.363208841515948	0.0623513350228253	0.151077633294591	9999	0.30310453675965	0.988812873264079
GSM1426103	0.196451510574602	0	0	0.164536968726927	0.470002372807043	0	0.169009147891429	9999	0.49116645640609	0.87538590017843
GSM1426104	0.202615872920174	0	0	0.384780666905827	0.25900896951983	0	0.153594490654168	9999	0.462420430531567	0.887775150885294
GSM1426105	0.0837471856598917	0	0	0.372510756165186	0.346210779425359	0.0201924539284866	0.177338824821077	9999	0.561908262916475	0.828984498339589
GSM1426106	0.407447534321712	0	0	0.186360330126148	0.211027240208403	0	0.195164895343737	9999	0.318362364990562	0.964896224401049
GSM1426107	0.272098092504584	0	0	0.0705918934468284	0.49007040341266	0	0.167239610635928	9999	0.594976742276252	0.804085308292378
GSM1426108	0.388357934548764	0	0	0.337077073005902	0.107492131860037	0.0131623973702214	0.153910463215076	9999	0.248932843620919	0.98809983217098
GSM1426109	0.37080925734154	0	0	0.0216458308031343	0.365864990639121	0.00833806418134063	0.233341857034864	9999	0.442709627268781	0.908095739937712
GSM1426110	0.462176594914594	0	0	0.224110249321567	0.0657232306802902	0.0145582648612644	0.233431660222284	9999	0.198778272128122	1.01757045274346
GSM1426111	0.452639887862615	0	0	0.0259672633435762	0.287037682469977	0.0328643297523502	0.201490836571482	9999	0.369514683928059	0.948553981618954
GSM1426112	0.454411873233375	0	0	0.161150786532013	0.166380522584296	0.0464668922403974	0.171589925409919	9999	0.424877224180993	0.90772457261317
GSM1426113	0.288313311669302	0	0	0.133501181016927	0.261741964176782	0.067392470328516	0.249051072808473	9999	0.455258622093984	0.891961800711419
GSM1426114	0.205574729106578	0	0	0.221151633767862	0.290897174638771	0.0242876178792865	0.258088844607503	9999	0.546164347540412	0.837604461111506
GSM1426115	0.30265399223143	0	0	0.14612671848174	0.135893105371748	0.0498755469836043	0.365450636931478	9999	0.467825622055531	0.886045228729858
GSM1426116	0.124584961670823	0	0	0.311393898781414	0.209316319607736	0.0611353862293529	0.293569433710674	9999	0.485810446762012	0.873701357176713
GSM1426117	0.440186883942936	0	0.133749021549214	0.0336769274804079	0.173574772447742	0.0522502668008915	0.16656212777881	9999	0.347678158499106	0.94684178366292
GSM1426118	0.0594346202784576	0	0	0	0.724334034124216	0.0408298429078156	0.175401502689511	9999	0.639841297617212	0.777839016464182
GSM1426119	0.429956069041292	0.0177608935952165	0	0	0.233193713085372	0.0461345635379273	0.272954760740192	9999	0.490330184386244	0.873255401779721
GSM1426120	0.217716425539807	0	0	0.0381647886715172	0.511850934395016	0.0411370566637548	0.191130794729905	9999	0.443300049885648	0.915984814085658
GSM1426121	0.386138228098027	0	0	0.147684158693819	0.137916757648656	0.0146794544656654	0.313581401093833	9999	0.389145356672901	0.929636766942708
GSM1426122	0.576298463715416	0	0	0.0571295959928368	0.178729215774966	0.0113546750352242	0.176488049481556	9999	0.445575645687183	0.902628435196397
GSM1426123	0.430196844982713	0	0	0.213224959468955	0.114809366935891	0.0224625748538081	0.219306253758633	9999	0.268827054071639	0.984238362892001
GSM1426124	0.212993672193027	0	0	0.0759515670882812	0.303322580505114	0.072074702318426	0.335657477895152	9999	0.486961041981595	0.878266536580383
GSM1426125	0.565817569431564	0	0	0.0986513842526304	0.19710894286904	0.00479016390520213	0.133631939541563	9999	0.445877530169588	0.902958410011934
GSM1426126	0.297840443493428	0.0971783139632147	0	0.51694791166659	0.0139053718355263	0.0063751475374739	0.0677528115037673	9999	0.490880330984552	0.883218983311018
GSM1426127	0.468237460126263	0.00171757094675423	0	0	0.391983961791817	0.0266351363139268	0.11142587082124	9999	0.402259068025722	0.94158466453104
GSM1426128	0.384284144435554	0	0	0.106358806848878	0.266954562525793	0	0.242402486189776	9999	0.51025430870484	0.860766388274238
GSM1426129	0.460002385980122	0.106526841641063	0	0.0989420442376901	0.0880855532176104	0.0357649189713511	0.210678255952163	9999	0.40031305838674	0.919572169199503
GSM1426130	0.746912919609168	0.104110156410158	0	0.0220117165289541	0.0162512548986841	0.0112516105649857	0.0994623419880494	9999	0.242386082713953	1.01834708133179
GSM1426131	0.0729544881821432	0.0189629024029969	0	0	0.603066011848626	0.0587380217013193	0.246278575864915	9999	0.611580030828342	0.79612878677419
GSM1426132	0.363056129310433	0	0	0.148301867271479	0.254816900257511	0.0472632102912008	0.186561892869377	9999	0.617717400532932	0.794530183290044
GSM1426133	0.61557334005253	0	0.0168269096844439	0.0588224499058601	0.0938313917716835	0.0387257304081984	0.176220178177284	9999	0.440639433705201	0.903101876225097
GSM1426134	0.257501468488111	0	0	0.310068123981709	0.220150106180401	0.0116388314473505	0.200641469902429	9999	0.419678070206916	0.909131518996587
GSM1426135	0.475028201498804	0	0	0.0550519194703545	0.244112704694259	0.01127200482735	0.214535169509233	9999	0.422018747977533	0.915508193291866
GSM1426136	0.610877510339479	0.0853235081766318	0	0	0.0526587176719681	0.0629359650396308	0.18820429877229	9999	0.254466752872901	0.999835186692098
GSM1426137	0.655961413519688	0	0	0.134618862720414	0.103729072895835	0	0.105690650864063	9999	0.229707579047926	1.02090467330317
GSM1426138	0.494671193236619	0	0	0.188736842943114	0.148598161399861	0.0010175083195256	0.166976294100881	9999	0.519189842528999	0.859162973802971
GSM1426139	0.413706659790334	0	0	0.306727546217561	0.200134199554433	0	0.079431594437672	9999	0.549911283636782	0.845267587310966
GSM1426140	0.342582959904677	0	0	0.0897101364934335	0.467779112640504	0.0122299933494032	0.0876977976119828	9999	0.622269414014252	0.784179189546547
GSM1426141	0.609142613766931	0	0	0.119406776571596	0.0415339453687033	0.0374311199835279	0.192485544309241	9999	0.342688653651748	0.953895272050279
GSM1426142	0.296766112474858	0	0	0.452343245007079	0.14331548985058	0.0153021978387754	0.0922729548287077	9999	0.566003150963598	0.84046723320237
GSM1426143	0.69414964199757	0.139817205453642	0	0	0.094442205695001	0.0454724832688421	0.0261184635849449	9999	0.156486860112071	1.06225118214885
GSM1426144	0.506855990674796	0	0	0	0.328136821564491	0.0335937152422407	0.131413472518471	9999	0.375393002757653	0.953246312206021
GSM1426145	0.504089233476148	0	0	0.0134802715356262	0.168204765602815	0.0390524211828913	0.27517330820252	9999	0.528146170935092	0.849214102684058
GSM1426146	0.560579025142095	0	0	0.0751989456001627	0.229854732163695	0	0.134367297094047	9999	0.569858356782384	0.826551527529128
GSM1426147	0.649454516449415	0	0	0.159164478159021	0.10395081459286	0.00310856538972839	0.0843216254089755	9999	0.515510231737696	0.865152289759519
GSM1426148	0.569037943293641	0.168539541261794	0	0	0.0347092705811483	0.126352326526427	0.10136091833699	9999	0.120755365156969	1.05732261694307
GSM1426149	0.724308140272959	0	0	0.0571210361082923	0.125166265006019	0	0.0934045586127304	9999	0.351388118764616	0.967577374545993
GSM1426150	0.172758704103159	0	0	0.0222416892365037	0.593941586410546	0.0538163827644631	0.157241637485328	9999	0.599547189748497	0.804199908344313
GSM1426151	0.500124543393507	0.00674891001567463	0	0	0.3228157010538	0.0631652933715972	0.107145552165422	9999	0.390709866841442	0.942881474942581
GSM1426152	0.315089876541989	0	0	0	0.402843162667028	0.0645068859028613	0.217560074888121	9999	0.605125966914548	0.79538535943637
GSM1426153	0.474842624080494	0	0	0.0513579560228859	0.0525657545121541	0.0522422155046537	0.368991449879812	9999	0.474142689053448	0.883557589033584
GSM1426154	0.28131595414454	0	0	0.0866418076315828	0.40011428491271	0.0486171346489293	0.183310818662238	9999	0.513228707759199	0.859527330411999
GSM1426155	0.582230967994155	0	0	0.108629588528632	0.13273290464083	0.0171617761476066	0.159244762688776	9999	0.166343179691034	1.04644477689362
GSM1426156	0.265754926016875	0	0	0.494099524041385	0.0990490765749632	0.0152012124993947	0.125895260867382	9999	0.209843789247553	1.0024668844373
GSM1426157	0.615937957587121	0.0638313507452734	0	0	0.185275548229006	0	0.1349551434386	9999	0.182068013123884	1.05305529858014
GSM1426158	0.168085602494795	0.0818296150121223	0	0.486819828666325	0.0288254987296007	0.0178734312720221	0.216566023825135	9999	0.473301752459579	0.882341017343172
GSM1426159	0.597271210893422	0	0	0.0583316920037096	0.23798586315039	0.018422973428529	0.0879882605239497	9999	0.616494866914621	0.794214177316144
GSM1426160	0.262219918605448	0	0	0.27455074642668	0.22686063777191	0.0317910061441144	0.204577691051848	9999	0.509366722951648	0.861250973794879
GSM1426161	0.67837704270188	0	0	0.0833801490649635	0.0215665930736092	0.0482856623032735	0.168390552856274	9999	0.329874786932021	0.96435567738785
GSM1426162	0.436244313714416	0	0	0.218443901597104	0.143215728649738	0.00553900156009644	0.196557054478645	9999	0.554541107171296	0.838854428341536
GSM1426163	0.641431315513323	0	0	0.128294721824382	0.080999316555214	0.0309282050509175	0.118346441056163	9999	0.44098035294638	0.904355196629365
