Mixture	B cells naive	B cells memory	Plasma cells	T cells CD8	T cells CD4 naive	T cells CD4 memory resting	T cells CD4 memory activated	T cells follicular helper	T cells regulatory (Tregs)	T cells gamma delta	NK cells resting	NK cells activated	Monocytes	Macrophages M0	Macrophages M1	Macrophages M2	Dendritic cells resting	Dendritic cells activated	Mast cells resting	Mast cells activated	Eosinophils	Neutrophils	P-value	Correlation	RMSE
GSM1426071	0.0672985345577015	0.0268269091233874	0.238383454489881	0.19012415286227	0	0.105239549226844	0.00428303213713041	0	0.0795981780760699	0	0.0618830499592916	0	0.017393242478581	0.075895238742776	0.0112282217573719	0	0	0.0182336672236481	0.0895555462086045	0.0140572231564425	0	0	9999	0.437749789682374	0.900509718543725
GSM1426072	0.0141120533440687	0.0370354146494884	0.113019405608963	0.101516008798484	0	0.159473768432031	0.0141032513327984	0	0	0	0.0807244337945779	0	0.0472542147254521	0.125993411831296	0.162077634292686	0.0173515621653314	0	0.0218279209705088	0	0.0470711682258465	0	0.0584397518284681	9999	0.370709835759155	0.933070340572214
GSM1426073	0	0.0501827140530705	0.153433900203415	0.261946207176762	0	0	0	0	0.119093529427897	0	0.0926731021687576	0.0153282938032844	0.102366704543193	0.173801787303488	0	0	0	0.00993326790541171	0.0212404934147203	0	0	0	9999	0.0833285990378869	1.06663733986713
GSM1426074	0	0.0508859479528371	0.121501713546151	0.0266404960272869	0	0.224476170702479	0.0137021927091871	0.0140589069074562	0	0	0.0707860804868083	0	0.0328439304960681	0.142511771497148	0.152963505508474	0.0588718368372624	0	0.000633115530323538	0	0.0474134130099493	0	0.0427109187885691	9999	0.374571028895068	0.929561535743861
GSM1426075	0	0.11602736282369	0.131543742574573	0.190952281963075	0	0.0707017943172405	0	0	0.0305683033833623	0	0.067613114314389	0	0.0741057156071138	0.143334236712875	0.103735593149608	0	0	0.0714178551540734	0	0	0	0	9999	0.193118209071596	1.0178965695025
GSM1426076	0.0453929346044336	0.0475082478884694	0.105992018833884	0.0264166843734954	0	0.112877871546749	0.0300155282952968	0.0157960540746125	0	0	0.112486329025045	0	0	0.111772570358147	0.028854324450099	0.0192649624714511	0	0.068610320659932	0	0.0625131239958054	0	0.21249902942258	9999	0.445396130783622	0.894665674998967
GSM1426077	0.0785039245415739	0.147436114630763	0.107662757987258	0.140389120916269	0	0.0205956334308238	0.0112689403567911	0.0260643989208676	0.026318096928844	0	0.085593848157384	0	0	0.152959828821565	0.0862684600158063	0.0274565542261204	0	0.0427232781802257	0	0.0346969714225456	0	0.0120620714631636	9999	0.384652367882994	0.926420753461725
GSM1426078	0	0.0745230696499331	0.100743929096804	0.145241576162438	0	0.13215065107507	0	0.000571874406801992	0.0700577770435885	0	0.047763277702403	0.00904391550877514	0.0656352548986805	0.186650916294777	0.105247784202723	0.0382684803987057	0	0	0.0241014935593011	0	0	0	9999	0.198365861249443	1.00784318667335
GSM1426079	0.000932892615988882	0.0780824275979073	0.196876273119999	0.346342565874045	0	0	0	0.00345658421985077	0.107175827725936	0	0	0.0909443337821573	0.0187611203854367	0.0687834908663702	0	0	0	0	0.0886444838123093	0	0	0	9999	0.0368530331959679	1.11213700624501
GSM1426080	0	0.158098009166875	0.120011074144182	0.256509410460059	0	0.00884833006484217	0	0	0.0437756957781353	0	0.0416271876462717	0	0.0318051949796937	0.170157862958013	0.0130489564478049	0.0524118881838183	0	0	0.103706390170305	0	0	0	9999	0.0962527575132073	1.05418047133112
GSM1426081	0.0619401623189864	0	0.20981358281102	0.297888602048474	0	0	0	0	0.166801597754631	0	0	0.0924602300352614	0	0.0305408020068835	0.0168419312199032	0.0748506920364855	0	0	0.0432652700531411	0	0	0.00559712971521333	9999	0.0139906023823257	1.11941603145797
GSM1426082	0	0.0249636904431057	0.163523826267215	0.305975744933568	0	0	0	0	0.118690740256478	0	0.0316449806605395	0.102841264983808	0.120487579859689	0.0697612257161242	0	0	0	0.0203544218390433	0.0417565250404296	0	0	0	9999	-0.0179053391680397	1.12300165986369
GSM1426083	0	0.0382056430282578	0.15704897150464	0.28454794596329	0	0.0111962158430354	0	0	0.168954485054465	0	0	0.118876162529413	0.0691678721154096	0.0475857421857507	0	0.0510245872303604	0	0	0.0533923745453783	0	0	0	9999	0.0487090712839242	1.09333749199438
GSM1426084	0.0428784927483142	0	0.123475556629873	0.277438117741544	0	0	0	0	0.140594331689029	0	0	0.172250195713996	0.00739686893695958	0.0883035898440887	0	0	0	0	0.147662846696196	0	0	0	9999	0.00630626611067102	1.12341128532936
GSM1426085	0	0.0679281421552152	0.139846080167956	0.24063354542167	0	0.0419117133630518	0	0	0.0720458649403185	0	0.0157373201071705	0.033434085152303	0.0665357489489395	0.00655250759652463	0.00587427308889287	0.21735202019345	0	0.0156291701419003	0.0765195287226079	0	0	0	9999	0.0848643018554794	1.05142558216853
GSM1426086	0	0.0533775043590804	0.138691576041975	0.39354576422868	0	0	0	0	0.0759352789225251	0	0.0222796257154571	0.039212856500111	0.056385902478869	0.0162313201682853	0	0.136457301282839	0	0.0138038840705221	0.0540789862316552	0	0	0	9999	0.0198694592528849	1.09714913765799
GSM1426087	0.0533551804522073	0.119043133233119	0.103959833908439	0.191980867502892	0	0.0432923011277375	0	0	0.0872345544055405	0	0.0274713667558888	0	0.0132336864750817	0	0	0.202487025372725	0	0.0314790923551618	0.118272268356104	0	0.00819069005510299	0	9999	0.187768286421723	1.00915255093626
GSM1426088	0.00869034830130457	0.200969827428725	0.132857107566304	0.241611251869739	0	0	0	0	0.120811036080199	0	0.0113671839900411	0.0101354615993381	0.0365876177573966	0.0406735616224531	0	0.094197207292337	0	0.0160584121618867	0.0860409843302759	0	0	0	9999	0.25448661322538	0.989447539245324
GSM1426089	0	0.074129130801818	0.156919414113516	0.218781135398411	0	0.0705812702942589	0	0	0.105065129527148	0	0	0.0515986952104055	0.0191431451225403	0.00106905681767799	0	0.172443534176549	0	0	0.130269488537675	0	0	0	9999	0.0805089034142067	1.05999590843441
GSM1426090	0.0263416617200653	0.103269265819807	0.156933370061983	0.169669896792902	0	0.066560402012773	0.0350202769127528	0.0120336250762255	0.0252317779707235	0	0.082564396157714	0	0.0181371585589723	0.0879835182355416	0.151141237861695	0.0441660885401243	0	0.00517156184455263	0.0157757624341683	0	0	0	9999	0.354834434444002	0.943995879066309
GSM1426091	0	0.066973795507771	0.164933294881026	0.255760109258648	0	0	0	0.0275766103434469	0.115046595444349	0	0.0564108345472916	0.0315368339992408	0.0491569952109729	0.143831165710379	0.00100337992201407	0.0337119574076759	0	0.034675104940005	0.0193833228271797	0	0	0	9999	0.0736405227788233	1.07096414440459
GSM1426092	0	0.0591518582061985	0.199784775011722	0.231312054709342	0	0	0	0	0.0931929262390989	0	0	0.0754706910038856	0.0537699149970382	0.237187425829321	0	0.0142053065053891	0	0.0146783142482666	0.0212467332497376	0	0	0	9999	0.0878057490383073	1.07248093410029
GSM1426093	0.015494588753737	0.0745378487878577	0.235812030303526	0.198065842662232	0	0.0669084132548394	0	0.0119819370278683	0.0506534436422371	0	0.0772738496420062	0	0.0187141334561149	0.115846730807893	0.0275895720732501	0.0701369710362283	0	0.0201099909098632	0	0.0168746476423472	0	0	9999	0.341822961178562	0.951774879947053
GSM1426094	0.0282760083445058	0.0536208901113958	0.133544687534877	0.0846175718917254	0	0.178219916981591	0.0183276502199545	0	0	0	0.0889777238332154	0	0.0406930516683878	0.0666328653117539	0.118873937449505	0	0	0.0369260078204712	0	0.0222949080159868	0	0.12899478081663	9999	0.492161760788082	0.870373822233797
GSM1426095	0.0060121533783314	0.108647668571719	0.146130776972063	0.223273620558278	0	0.0718106580842781	0.00444362160416575	0	0	0	0.117753336631522	0	0	0.120669573708825	0.0434532267552102	0.0235545523375039	0	0.0336389094188875	0	0.0479863025306091	0	0.0526255994486079	9999	0.508107098618691	0.861232620131963
GSM1426096	0.00242501982861022	0.0300859438809395	0.125038966663709	0.0993031417936881	0	0.100475678116163	0	0.00201467535669984	0.0113075929882942	0	0.070325928883301	0	0	0.145564123161037	0.0513062213245046	0	0	0.0418797197091927	0	0.0658561538692	0	0.254416834424661	9999	0.402201754081043	0.918651181909329
GSM1426097	0.201003620686171	0.0730006969807849	0.0766355029843579	0.065547816564198	0	0.156711983472074	0	0.0295210967512935	0	0	0.0925190822947115	0	0.00409768305744017	0.100278088050263	0.0308114257631125	0.00203632255111073	0	0.042089720962467	0	0.0446094349803341	0	0.0811375249016804	9999	0.446495941009466	0.894274612743047
GSM1426098	0.0191212831983444	0.0418584431263074	0.0801458162153331	0.0711085215006692	0	0.13683166208689	0	0	0.00913098788901286	0	0.0909163454244742	0	0.0191654092764602	0.107030304865853	0.0718711112601379	0	0	0.0897361304105746	0	0.0763383377605868	0	0.186745646985356	9999	0.347119718928167	0.943420828160939
GSM1426099	0	0.0930905208370532	0.146327803913351	0.127223359189609	0	0.128945044300769	0.0269599561454421	0	0	0	0.0878535807349277	0	0.0176817904191096	0.118874329217414	0.0499525266246602	0.00946981423345623	0	0.0474637488725072	0	0.0891462758643247	0	0.0570112496473763	9999	0.36810566358809	0.931934008280674
GSM1426100	0.00142679830356948	0.161204714211639	0.103893511867484	0.140306554101163	0	0.112891935723243	0.0379157265005502	0	0.0121105614453734	0	0.11018050914396	0	0	0.167485993094203	0.0569288224050605	0.00324309795750914	0	0.0234110262003793	0	0.0568078867499756	0	0.0121928622958909	9999	0.532529444248458	0.848902772599865
GSM1426101	0.000150527935958963	0.0568751984993149	0.140744147757017	0.137510228100504	0	0.144244108383994	0.00136359635478718	0.00948796453397806	0	0	0.0557863686740084	0	0.0559211656455271	0.114877688335771	0.0463571380926711	0	0	0.101191342951546	0	0.0660548850471136	0	0.0694356396878076	9999	0.427869978152702	0.902993455787082
GSM1426102	0.0825350544145101	0.126626382721646	0.10713846319388	0.149045161237109	0	0.0479156602306886	0	0.0534186008823102	0.0201983919485738	0	0.139758085627588	0	0.00161157949402802	0.0813170761233753	0.0120098044589635	0.0229001245363988	0	0.0861708976589612	0	0.0693547174719679	0	0	9999	0.232096035787416	1.00127430614171
GSM1426103	0.165830543473949	0.130974541990576	0.0305009117275765	0.103920460421576	0	0.0400566835522027	0	0.0829669846805476	0	0	0.105261573850937	0	0	0.151124760350978	0.00697744501604699	0.00190686452541803	0	0.0366282825342692	0	0.112156915120907	0	0.0316940327550165	9999	0.390538945058547	0.923422761525668
GSM1426104	0.110589963682974	0.0321193280345815	0.0752344133385999	0.0517420442396445	0	0.147832315199928	0.0068556011912782	0.00873008378139213	0	0	0.100836711752164	0	0.0223456783208374	0.0832250554466387	0.0585020454008112	0	0	0.0474290505771122	0	0.113533502542981	0	0.141024206491058	9999	0.369728333399627	0.931407938001791
GSM1426105	0.19275133499805	0.0675055489950911	0.0153151863363594	0.00373734575263174	0	0.159433581814592	0.009415555349422	0.0450102324901489	0	0	0.0668647013978177	0	0.00276366942828705	0.0839078068023043	0.108772169260944	0.00683755391204465	0	0.0211590002142972	0	0.0503897352551878	0	0.166136577992822	9999	0.511267837388202	0.85994396794196
GSM1426106	0	0.0843171152550343	0.20490033205017	0.169456460517168	0	0.124035967935078	0	0.0606418661720893	0	0	0.0634488181619125	0	0.0235768055517682	0.160724301870493	0.0373274761944707	0.0141410880084084	0	0.0324107750093214	0.0119428260534904	0	0	0.0130761672205963	9999	0.255753853631673	0.991237466058606
GSM1426107	0.180403648170069	0.0934495880063092	0.0804980894947915	0.0630024765825729	0	0.102886461105076	0.00807603514105477	0.0338625640487553	0.0114376681447245	0	0.0637930164349214	0	0.0126841296106586	0.185169704260464	0.0607289710030708	0	0	0.022781828217378	0	0.0556851471879111	0	0.025540672592244	9999	0.500261022267109	0.865610395159974
GSM1426108	0	0.0680911461628236	0.118301463947861	0.074828050362011	0	0.201099558868499	0	0.0144433746236916	0	0	0.0701631197989826	0	0.0214879141614257	0.0714340261866429	0.0288940943408544	0	0	0.078510443954874	0	0.156629180464148	0	0.0961176271281853	9999	0.193216595447415	1.01060143479091
GSM1426109	0.054283731508834	0.115035364796098	0.145400143856775	0.109935117716056	0	0.134261238550935	0.0262537380536591	0.0125677447897472	0.00544895820102992	0	0.11586233967211	0	0.0199505852232911	0.112206950401114	0.0659084452052688	0.0110380346299007	0	0.0291967379665312	0.00758525041207394	0.0347570723987423	0	0.000308546617833976	9999	0.344414148070123	0.946049305315397
GSM1426110	0	0.0398474270882452	0.151738786212256	0.111878884695698	0	0.168982044444059	0.0127738404356819	0	0	0	0.0767277482598316	0	0.0157872515088497	0.133305125453994	0.0882311054338385	0.053385371176634	0	0.0100515976313061	0.0752652665025277	0	0	0.0620255511570787	9999	0.139334289982708	1.03021342277685
GSM1426111	0.0794320752282376	0.116134070721317	0.152173979288544	0.119783738360339	0	0.101058983831974	0.00567507053630167	0.0495073416664952	0.0188376091483358	0	0.0665200606813324	0	0.018033346420904	0.110073449870505	0.0154509211316722	0.0163919141409301	0	0.0582119709671879	0.0578193313881069	0.012461173652197	0	0.00243496296562078	9999	0.308775432063334	0.962214214702262
GSM1426112	0.0179680297371825	0.0636889461341522	0.123528699293573	0.306932307760626	0	0.052404791977609	0	0.0117418333238574	0.049635597836512	0	0.0175235107802232	0	0.0148105297127898	0.106797515732777	0.0245089402605666	0.0258546960017166	0	0.0287408585525046	0.13932481199707	0	0	0.0165389308988395	9999	0.316198109855299	0.955764343916105
GSM1426113	0.034124216599492	0.1216104532929	0.0821660754241412	0.177556666543796	0	0.116063787112206	0.00292226719611634	0	0.0259652344248741	0	0.125748931654925	0	0	0.112856953044352	0.0390057072498981	0.0340324875156792	0	0.0493174083905212	0	0.0678091475134782	0	0.0108206640376206	9999	0.354738857223498	0.939709933656901
GSM1426114	0.108992151289485	0.0726809300047034	0.048670893030795	0.0454661454142815	0	0.201864099485863	0.0299074512266937	0	0	0	0.0730280601434998	0	0.0184632132432398	0.168993539496112	0.0672508907265054	0.00898570923475039	0	0.0410678267437736	0.0543782275290951	0.000130614676884567	0	0.0601202477543187	9999	0.45418123888871	0.890684232132094
GSM1426115	0.00942242598829247	0.0753789745218481	0.0873512684161241	0.114218424984913	0	0.183521492393872	0.029787821521575	0	0	0	0.124592862518397	0	0.0195409951269528	0.106645644856751	0.133171916665541	0.0384583831886144	0	0.0148308367539653	0	0.00981446136037616	0	0.0532644917027785	9999	0.355140271790386	0.94006099859442
GSM1426116	0.108889336185769	0	0.0334604733686113	0.100162885809188	0	0.172906270915747	0.0283637212838983	0.00306133220469645	0	0	0.0790550225860938	0	0.0422664455054984	0.138776879572212	0.0849183402718068	0.0433917199285874	0	0.0297929169781764	0.0594978480194138	0	0	0.0754568073703022	9999	0.395224433463933	0.917914677391074
GSM1426117	0.0740791613910877	0.0742548350670812	0.134778268663624	0.175055515550786	0	0.178465827429196	0	0	0.0548011793608813	0	0.0257482186733336	0	0	0.0828074135552009	0.0321744752733798	0.0213733053573952	0	0.0638608541750836	0	0.0393148612818982	0.0432860842210526	0	9999	0.284572802669902	0.973522822005314
GSM1426118	0.245403372028192	0.224934971715146	0.0190606588872763	0.0752083160079316	0	0.0318381910285336	0.0171117245836331	0.0359785190384227	0.0167239332594187	0	0.0546422277593072	0	0	0.124355152605864	0.0288562955726346	0.0457967943980916	0	0.0265083511349557	0.0535814919805928	0	0	0	9999	0.61391291846326	0.79279118494165
GSM1426119	0.078523543305879	0.0572641432605424	0.103633296336304	0.144344950799605	0	0.0923000873603414	0	0.016437540480996	0.0574215435522329	0	0.0720030513744841	0	0.0118413815163254	0.092909775744735	0.0394773189034877	0.0706218842498974	0	0.0293404588199551	0.118725224448674	0.0151557998465408	0	0	9999	0.39360072610298	0.918741242869679
GSM1426120	0.221909590828709	0.0384503578966192	0.0558658938498367	0.148549913755333	0	0.0637333612848582	0.0198864934672596	0.0151622135995712	0.0287617093698428	0	0.105980200855152	0	0.00143332105227733	0.0736713923012311	0.0324188828946733	0.0678218595309611	0	0.0497721617404233	0.0299804900468608	0.0466021575263916	0	0	9999	0.352055309189255	0.941154339827752
GSM1426121	0.0080338752799282	0.0530264593567644	0.129141057490783	0.15055518660747	0	0.133270609976489	0.0288342521914515	0.0349394294321535	0	0	0.0791276850122852	0	0.0243499968622844	0.0712472903123014	0.0987565730346554	0.141790518731683	0	0.0215488298174405	0.00641633679597641	0	0	0.018961899098335	9999	0.295341198798516	0.96471698200286
GSM1426122	0.0683453778514301	0.103733611977667	0.22121477187504	0.0787040791090106	0	0.053982480904637	0	0	0.0529738482158956	0	0.122814730285411	0	0	0.193359683616154	0.0276550194148982	0.0219536365697869	0	0.020447000985304	0	0.0348157591947653	0	0	9999	0.398764616573241	0.923472621971473
GSM1426123	0.00384994261010433	0.0738173504575697	0.144309344415968	0.170669368521355	0	0.0903450503702197	0	0	0.0444564560992431	0	0.0863957792795532	0	0.012044563232762	0.180414987917396	0.0299192243727082	0.0242465607815019	0	0.0199697402212269	0.049766480917989	0.0235820541851189	0	0.0462130966172836	9999	0.205172686599133	1.00553116592208
GSM1426124	0.078817850300183	0.101492383658595	0.0487357356254258	0.249057938746394	0	0.0245849345457888	0.00400866562436533	0.051363669258838	0.0324240455724157	0	0.0733932030692909	0	0	0.0875758968413092	0.10273557717099	0.0567635991022393	0	0.0329451421463108	0	0.0379299732871672	0	0.0181713850506861	9999	0.398462381788965	0.918834257375186
GSM1426125	0.115289993252573	0.0546488853775342	0.206586809365916	0.133961583032948	0	0.0959934501469303	0	0	0.0452734918067965	0	0.0546865304313679	0.009200855041732	0	0.195956719656823	0.0104553629652278	0.00646216647549319	0	0.0362485731439819	0	0.00243324244455866	0	0.0328023368581183	9999	0.397451440644283	0.92306457390003
GSM1426126	0	0.0257548174900094	0.133825171656716	0.01669419954507	0	0.0836779143801882	0	0.0115755786299067	0	0	0.0606289490903826	0	0.0545790241769981	0.230151834198676	0	0	0	0.0775207616806477	0	0.0866226220613157	0	0.21896912709009	9999	0.525190797439957	0.850687624220144
GSM1426127	0.147309942723519	0.120814326409713	0.173326277994931	0.159343567599404	0	0.0513645182603108	0.00949998323478508	0.0730938339765841	0	0	0.0577910700788676	0	0.0313470798266188	0.0744123787297477	0.0169078852872645	0.0089612834394674	0	0.0316647760733903	0.0326432276790849	0.0115198486863129	0	0	9999	0.341284036635077	0.95522476264445
GSM1426128	0.0584604673098316	0.119391493048256	0.104577538963616	0.114845982023448	0	0.0721257600171131	0	0.05387848337178	0.0733175138316055	0	0.0746395574734117	0	0	0.134928175949253	0.0569004004002701	0	0	0.0446130230717315	0	0.065704181541569	0	0.0266174229981143	9999	0.412809550649783	0.910636460073631
GSM1426129	0	0.064215336944417	0.136432188973787	0.114713697596277	0	0.144478571793876	0.000602626558239766	0	0	0	0.0715735383943197	0	0.0669663090256696	0.0988514365222512	0.0532279569831811	0.00839300703002322	0	0.116657149419752	0.047789625347155	0.0621926222513314	0	0.0139059331597195	9999	0.347922220990633	0.939933581546223
GSM1426130	0	0.08386932346245	0.262883536316071	0.206879027691319	0	0	0	0.0350854574545168	0.0436132484942776	0	0.0386766864811065	0.0387956116775376	0.0962652999382878	0.153992271113798	0	0	0	0.0265512934074049	0.0133882439632308	0	0	0	9999	0.191685516449922	1.03240116202519
GSM1426131	0.126952985303368	0.189784955805449	0.016574229384948	0.0720076684636858	0	0.157905953240903	0.0327397301576579	0	0	0	0.112716476596965	0	0.0332730741230893	0.0898452918878331	0.0726709061931375	0.0248523852037764	0	0.0445749094210854	0.00798041522349187	0.0181210189946095	0	0	9999	0.529249132613408	0.849626026018761
GSM1426132	0.0545230773815004	0.123310217556816	0.102500132540207	0.124999212408487	0	0.137622270979064	0	0	0	0	0.0712027719465251	0	0.0332328911618314	0.191685945158213	0.0370471298667094	0.0236550712961537	0	0.0209488658600284	0	0.0572007884732872	0	0.0220716253711776	9999	0.535688215513612	0.84815091432758
GSM1426133	0.00884006977390845	0.0286488955221132	0.235571748434061	0.196618005358414	0	0.137198350300823	0	0.010339996425641	0.0161806279733839	0	0.0532067252217127	0	0.0407809418763567	0.101025254042655	0.0460554583778775	0	0	0.0133272342146868	0.0604502389495158	0.0243506066123915	0	0.0274058469164602	9999	0.356450272760288	0.941215296430195
GSM1426134	0.0528062340204458	0.10569841557423	0.0874613744286099	0.114091582331185	0	0.0762910070651997	0	0.0204852813819678	0.0183961281386554	0	0.0813933084897238	0	0.0307704089619531	0.0546568233552519	0.0600377479032202	0.0266960430674392	0	0.0998065995473009	0	0.0594464061531098	0	0.111962639581707	9999	0.374144326200876	0.928890207827728
GSM1426135	0.0789591345630521	0.0874182188630851	0.156778117765328	0.227975452676936	0	0.0410144134164329	0.000505579846653196	0	0.0282345521690457	0	0.0724527756517396	0	0	0.134332340659525	0.0438095419257431	0.0740855101696021	0	0.0367237409907682	0	0.0177106213020886	0	0	9999	0.347135647838281	0.946113685492721
GSM1426136	0.0714492410063872	0	0.236978489775148	0.37251395795666	0	0	0.0072261718076842	0	0.0272493491716914	0	0.0371475089921385	0	0	0.119542372599483	0.0121910339725584	0	0	0.086011045454382	0	0.0229071906207788	0	0.00678363864308902	9999	0.219708643800882	1.02140655875869
GSM1426137	0	0.0213237277417805	0.231915772335098	0.147227278933005	0	0.194794757749502	0	0	0.0109888459146443	0	0.0572839802075248	0	0.0312159771421114	0.136448830228497	0.00197892585435579	0.0454599966116858	0	0.0250551028977801	0.0724302224400385	0.0144849377226823	0	0.00939164422129491	9999	0.158238886918364	1.03305619436636
GSM1426138	0.0502736257253334	0.0498401730189107	0.178395939427472	0.135377770266791	0	0.19087114454121	0	0.00805249987171392	0.00673287571417706	0	0.0764991408314821	0	0	0.13432634686205	0.0190293667017422	0.00314946000889379	0	0.0278633516276995	0.0109241897992666	0.0577827021240381	0	0.0508814134792198	9999	0.420614127679157	0.907496134986813
GSM1426139	0.0720185643978981	0.0763699204718241	0.140000575251125	0.0870352828689755	0	0.186925113828293	0	0	0	0	0.0996174632850137	0	0.0257765237271053	0.0947091956968198	0.0134439970357503	0	0	0.0211558517424276	0.00146264069885978	0.08377536478919	0	0.0977095062067177	9999	0.458710064532793	0.887736073083052
GSM1426140	0.115554478062548	0.174574922679707	0.12660323309286	0.125413271686307	0	0.130464784812025	0	0.0396805202554269	0.00842068741328601	0	0.0801957958610912	0	0.00898364230699211	0.081863363185161	0.00632275554061896	0	0	0.0496810800067087	0	0.0297859304753773	0	0.022455534621891	9999	0.532457305922668	0.846001826561132
GSM1426141	0	0.0237067371098141	0.234196191919365	0.20626572918072	0	0.149549485440158	0.0176595545452611	0	0.0194326700179394	0	0.0582239928048095	0	0.0380640942366502	0.0833560347664566	0.0331476225896493	0.0275304504752473	0	0.0453889186253942	0.0634785182885354	0	0	0	9999	0.284856716268983	0.976248342658484
GSM1426142	0.0185311475461644	0.0852618510725232	0.1215167658102	0.0128937353319121	0	0.150594430185199	0.00642767760481064	0.0124691561602606	0	0	0.0946796193070129	0	0	0.154018968236626	0.00976249810440338	0.0115042261546029	0	0.0501939541180701	0	0.109671957182944	0	0.162474013185271	9999	0.518891731644911	0.856754783006038
GSM1426143	0	0.0717936626569504	0.142913554408853	0.321922078136956	0	0	0	0.00886822266624588	0.154946240209608	0	0.0667858111960958	0.0417318857393652	0.102923115605666	0.0799549642428846	0	0	0	0.00816046513737508	0	0	0	0	9999	0.0737404497444754	1.08506468755981
GSM1426144	0.091869325644013	0.138616271652393	0.14897552679828	0.15696511365821	0	0.00840150299083452	0	0.0600312480848953	0.0459397260454757	0	0.123028515787422	0	0.0162470443347175	0.067077184424026	0.0183504540574537	0	0	0.0675593788493212	0	0.0569387076729583	0	0	9999	0.30788917521537	0.969538520935521
GSM1426145	0.0316402561987139	0.109187458853146	0.132273666351594	0.257659985297187	0	0.019190432972908	0.00799076114425573	0	0.0374425389993697	0	0.0840004784035002	0	0.0423113767676863	0.133753979893101	0.0783294922186591	0.0147152780204038	0	0.0454793066967032	0.00274668694290394	0.00327830123986884	0	0	9999	0.446326784621595	0.894469353814831
GSM1426146	0.0270324088998966	0.14744727627118	0.202263177048018	0.115103838298804	0	0.118462989793988	0.0199470419837527	0.0198716156191347	0	0	0.0979483172804708	0	0.0240100162034792	0.0348309562579033	0.0689239052739212	0	0	0.0631214276561519	0	0.0303065388807373	0	0.0307304905325628	9999	0.482474564187536	0.875417403136328
GSM1426147	0	0.0627698707474245	0.239598425028327	0.149838556259251	0	0.0983844807231916	0.00171255910700344	0	0.0286551227644663	0	0.0608224549510775	0	0.0150077856229885	0.129327915804001	0.0416034560104456	0.0111954856862858	0	0.0161635084929798	0.0972684570194824	0	0	0.0476519217830748	9999	0.42726671874949	0.904486331877645
GSM1426148	0	0.0221585104366495	0.122065002682878	0.43398712207784	0	0	0	0.00286426632001036	0.12434706183329	0	0	0.0659044651396334	0.0558745089368687	0.113849665285529	0	0	0	0.0182134998787581	0.0407358974085424	0	0	0	9999	0.101440806035793	1.07348174291023
GSM1426149	0	0.038073549020007	0.299164995292656	0.165935543116348	0	0.140808257615279	0	0	0.0581510584492704	0	0.0423693403247083	0.000679976469982843	0.0597205417542036	0.135621634911895	0.00742914744269863	0.0196146862826864	0	0.0175715017672276	0.00407283337747902	0.0107869341755594	0	0	9999	0.289271389299751	0.985515828062562
GSM1426150	0.280004935551197	0.0607290066820294	0.057277225720963	0.11305670127395	0	0.112093859085809	0.00531856479342912	0.036543565564725	0.0254660306287008	0	0.0797803956115525	0	0.0135340731646877	0.104478490260104	0.00633745926376681	0.0216828958714093	0	0.0576333402338736	0	0.0260634562938022	0	0	9999	0.517827063051566	0.854857405394373
GSM1426151	0.157494970289889	0.0943103259188846	0.136669821541595	0.243310283733673	0	0.036957621830726	0.0055950048917375	0	0.0815520640332704	0	0.0691769097520093	0	0.0143242278043838	0.0404031695188717	0.0275929438632005	0.00935683974528847	0	0.0384322198489336	0	0.0448235972275371	0	0	9999	0.327581683512058	0.962711433853199
GSM1426152	0.172349151746751	0.0925791346197746	0.0975789701063394	0.0977443424387063	0	0.188469218092449	0.0161718700446923	0.0314030024519879	0	0	0.0541404952809996	0	0.00209818695503079	0.0829984380496288	0.0615468159473437	0.0494791093798669	0	0.0330315486285122	0	0.0204097162579184	0	0	9999	0.528400796947089	0.849615196322051
GSM1426153	0	0.0572840512101836	0.130594729892826	0.103601577429968	0	0.122640869677125	0.0433632367918066	0	0.0157324512389629	0	0.0731903980672775	0	0.016987844647054	0.183573726646481	0.164523834406092	0.0281679474235915	0	0	0.0355817889718601	0	0	0.0247575435967724	9999	0.409966392123019	0.912996250540559
GSM1426154	0.161651373557877	0.119466312184622	0.113453955592972	0.0784587060943066	0	0.135576421832571	0.0167926124556164	0	0	0	0.106650030283071	0	0.0107838993032589	0.0926877054958124	0.0809326757258357	0.0249880225702145	0	0.0187936553696654	0.000343970699241355	0.0168657802524613	0	0.0225548785824755	9999	0.463910294881131	0.885577875013966
GSM1426155	0	0.0719774737254051	0.145701965668642	0.246996432989678	0	0	0	0	0.0726234720164778	0	0.00638295227164051	0.0744723190723854	0.048540993786676	0.146475023300449	0.0182521463467163	0.0123817852560864	0	0.033040030973061	0.123155404592783	0	0	0	9999	0.0990180541399971	1.05142809137757
GSM1426156	0.0243548818511599	0.089775717659109	0.12984092733184	0.0456589955547406	0	0.138588373996428	0.00200618132231994	0	0	0	0.0289521419578286	0	0.00320009434145222	0.0945738906567384	0.0350269464970014	0	0	0.0515872090957714	0	0.1342692560233	0	0.22216538371231	9999	0.197156101947553	1.01861415286839
GSM1426157	0.0195073633558016	0.054726406963484	0.16341561589255	0.186435293791567	0	0	0	0.032399770904174	0.0320007264785715	0	0.0426982984888387	0.0503221167149463	0.0864861658694841	0.181920118630038	0.0205331667241558	0.00141030718034744	0	0	0.128144649006042	0	0	0	9999	0.097311125588099	1.05145259171658
GSM1426158	0	0.0394828223172417	0.0681955635742847	0.0240789565056987	0	0.146146870317942	0.019295550526709	0.00708905700078162	0	0	0.0669844081739913	0	0.0559035610357324	0.103700027478519	0.0375007290795861	0	0	0.141882014124464	0	0.0807654127667671	0	0.208975027098282	9999	0.483986561685338	0.874838089435781
GSM1426159	0.0232568414732477	0.137549081912307	0.270571045225511	0.178651450881205	0	0.110737270726526	0	0	0	0	0.0857069680291926	0	0.0150337246687715	0.0316591751231459	0.0568992243052406	0.00699206149496732	0	0.0372397777957027	0	0.0316257239795855	0	0.0140776543845969	9999	0.558043236197959	0.82902641046985
GSM1426160	0.0660464057017548	0.0591507196390078	0.092331643709121	0.058565601420739	0	0.157950258894727	0.00486880121255599	0	0	0	0.111245354489216	0	0.00305338891367563	0.157242519754694	0.0206155182155704	0	0	0.0538813706871173	0	0.146453368693463	0	0.068595048668358	9999	0.436997432092954	0.898657810979852
GSM1426161	0.0164518249845855	0	0.185611488869311	0.25741934110344	0	0.0775548581842395	0	0	0.0719303575312515	0	0.0890428322852216	0	0.0191228924836318	0.198944352332557	0.0210529124056311	0	0	0.0328018294198568	0	0.0300673104002744	0	0	9999	0.239122613614356	1.00025651292195
GSM1426162	0.0142861512024233	0.0459737306163618	0.189176498202369	0.0406263671062666	0	0.219908856465974	0	0	0	0	0.081370719995547	0	0.0399165067467382	0.136955540413982	0.0429797840432677	0.0193107953341754	0	0.014209023895097	0.0546423698190419	0.0467484389010529	0	0.0538952172577037	9999	0.471774188379238	0.881625585381082
GSM1426163	0	0.0596815950021962	0.221420861264929	0.1781829832335	0	0.182002978748081	0	0.00681652005836308	0	0	0.0718413632458711	0	0.017012856455029	0.158553231159973	0.0178912570766575	0.0118685868849898	0	0.0350256697789441	0	0.0205221483675024	0	0.019179948723964	9999	0.345861041660677	0.948595088172878
GSM1426164	0.0313578024475794	0.124207982111651	0.141279954391057	0.306438312368458	0	0.137800472489774	0	0.00772605683016803	0.0733300071187732	0	0.0421607813546317	0	0	0.00804924187998112	0	0.0353061671737696	0	0.00296615060595062	0	0.0766216427164501	0.0127554285117564	0	9999	0.17109469880386	1.04523337405684
GSM1426165	0.0143579656795912	0.0645459847811544	0.132949926475318	0.362121979204327	0	0	0	0.0122756362597222	0.146850104724732	0	0.00745579919476866	0.0512873033687135	0.0772573466544693	0.0527109654042959	0	0	0	0.00951658462777145	0.0686704036251364	0	0	0	9999	0.051355430730119	1.0902510854076
GSM1426166	0.0546870144995375	0.0560978355274855	0.0992141807633031	0.268762500881513	0	0	0	0.0861341908412334	0.0754077797404175	0	0.0538507383626711	0.026386850848832	0.0837901259423633	0.0785971722757814	0.0461376763304997	0	0	0.057075232607309	0.0138587013790532	0	0	0	9999	0.00514089412454968	1.09677038351354
GSM1426167	0	0.276149604087969	0.0475922845502457	0.236933200409765	0	0	0	0.0495409844239992	0.0641056987981187	0	0.0638474852481023	0	0.0575404097649757	0.0523588351893049	0.0234049002755486	0.0555868094296444	0	0.0423461751520721	0.0275731068191947	0.00302050585105904	0	0	9999	0.128079491006839	1.04718838095816
GSM1426168	0.0311725418396964	0.16590073810205	0.127395462654191	0.310507884669597	0	0	0	0	0.0945605895665279	0	0.0904082032646156	0	0.0586863408265668	0.0442921670772231	0	0.0334616432579984	0	0.0138865776369593	0	0.0297278511045736	0	0	9999	0.118636986349567	1.06512849696672
GSM1426169	0.0254966504328001	0.109340800283607	0.176465799666184	0.302497100815251	0	0.0623014770225973	0	0	0.0817383830019713	0	0.0967962903960816	0	0.0398007697646251	0.0536979669470578	0	0	0	0	0	0.0457346356548117	0.00613012601501223	0	9999	0.0959072553646689	1.08332623548513
GSM1426170	0.130810079491171	0.0537567347457009	0.105962348712064	0.301904338335458	0	0.045351177281535	0	0.00531084553889967	0.0542520157225368	0	0.109304643561458	0	0.0512278092352677	0.0210052971215219	0	0.0367971389405724	0	0.0438495634837487	0	0.0404680078300667	0	0	9999	0.0931762683682586	1.07448676152697
GSM1426171	0.0136941356965673	0.0652363351555688	0.156361216764645	0.290675866731849	0	0	0	0.0439495037304447	0.127786414653548	0	0.0939221709288542	0.0120301505295115	0.0739327734069642	0.081932745276345	0	0	0	0.00319118254449905	0.0295834146710187	0.00770408991018454	0	0	9999	0.0408689045857686	1.09500417271882
GSM1426172	0	0.0751026759444366	0.13876849975906	0.272368747196907	0	0	0	0.0531973513698456	0.0936467495254912	0	0.0386283809779211	0.0393594549931228	0.0856420701120966	0.108357109743897	0.0435751634207504	0	0	0.0360234054110682	0.015330391545403	0	0	0	9999	0.0440575836196982	1.08150551639248
GSM1426173	0	0.0926167956227459	0.191061313845204	0.300679698708833	0	0	0	0	0.085746532890766	0	0.087336849828263	0.0210273791198969	0.100007073611995	0.059512071047094	0	0	0	0.0346329900552546	0.0273792952699481	0	0	0	9999	0.0361413395978647	1.10120394348046
GSM1426174	0.00581149820113138	0.197225874448137	0.122593701463046	0.148579952702273	0	0.151335582421522	0	0.0302982206515968	0.032013532253313	0	0.103907960710896	0	0.0296320654212901	0.0166859465297726	0	0.0760054310294286	0	0.0388954042839956	0	0.0470148298835991	0	0	9999	0.199631466049149	1.01785061244119
GSM1426175	0.00423297553328006	0.0852742275963053	0.11595868213875	0.298731850412737	0	0.0571362527303384	0	0	0.0918408848725944	0	0	0.0493170091660207	0.052275902558946	0.0439696148289455	0	0.0865740204626065	0	0	0.114688579699476	0	0	0	9999	0.116044048905735	1.04697225788064
GSM1426176	0	0.0749535862111795	0.093036624164689	0.235150658979656	0	0.0534703395449015	0	0	0.0588067602225786	0	0.0208750671854786	0.0166569140975813	0.0196425160367436	0.0158495963353022	0	0.187746396039168	0	0.0080313656062648	0.215780175576457	0	0	0	9999	0.169272957212423	1.01593128791728
GSM1426177	0.095615820337989	0.0270380101349027	0.10918863990753	0.294537724317639	0	0.0343917860807787	0	0	0.0836676273844769	0	0.0955914445208757	0	0.034066193536158	0.0349954570557947	0	0.130260909230156	0	0.0145393349869206	0.0254862906763997	0.0206207618303799	0	0	9999	0.131129283565837	1.04472608162744
GSM1426178	0	0.105658122485063	0.100562554283639	0.212811001125948	0	0.0854420702335088	0.0346379012498041	0	0.108111098985383	0	0.101150694624488	0	0.0527972256634225	0.0410633305541927	0.0846457190880333	0.0284543933726943	0	0	0.0263931953396426	0.0182726929941804	0	0	9999	0.229390730496916	0.999385000569522
GSM1426179	0.0747397459811158	0.174024451320038	0.0627554006846915	0.30773347307635	0	0	0	0.0275766831331109	0.10604240401925	0	0.0177834725614501	0.0149968489257529	0.0372441194616587	0.088880162805762	0	0.0446450858765087	0	0.0211310592516558	0.0218511311919387	0.00059596171071705	0	0	9999	0.204304926332641	1.01806003605103
GSM1426180	0	0.152220900618387	0.113458767689442	0.285277883766704	0	0.0201103005555604	0	0	0.0729717192156192	0	0.0608514002832733	0	0.0384545311721895	0.0536115902319353	0	0.124860971703364	0	0.037112782977486	0.0410691517860397	0	0	0	9999	0.174039775103761	1.02223141956867
GSM1426181	0	0.0314244148410921	0.127697054556936	0.308385354894201	0	0	0	0	0.132425890184973	0	0.0279491001176875	0.03570139783602	0.0750338187779976	0.0440171177501743	0	0.110969653877557	0	0.000403092512034736	0.100207983607745	0	0.00578512104358198	0	9999	0.0849433281179764	1.05636130075452
GSM1426182	0.0306936652041105	0.00451590629238214	0.100476621990697	0.291098237108896	0	0.0253372860394229	0	0	0.070897651348229	0	0.0377089146351163	0.0208186738214943	0.046758127392908	0.0719227446478064	0	0.0640207290981358	0	0	0.235751442420801	0	0	0	9999	0.11947224669242	1.04243913812068
GSM1426183	0	0.126233805716065	0.126653682469682	0.345587137564774	0	0	0	0.00552688098071961	0.0510348676326283	0	0.0634315786478198	0	0.0589459480152891	0.0307668612191945	0	0.154603348990095	0	0.0218677741325322	0.0153481146312012	0	0	0	9999	0.0994605295377837	1.0604410802339
GSM1426184	0.070653341619325	0.0119836430436132	0.175448148306286	0.34531992293761	0	0.113421854717363	0	0.0287674459267702	0.0766233198050078	0	0	0.0710480133385903	0	0.0221573399975293	0	0.0437832072109408	0	0.0123438562536177	0.0284499068433465	0	0	0	9999	0.16406116302271	1.05521112493964
GSM1426185	0	0.234558044980262	0.0671093453542758	0.261385624055434	0	0.0694642773575678	0	0	0.0656676323385906	0	0.0312451390757265	0.0175248373734609	0.0438924455166878	0.0463303604381632	0	0.0870556601241183	0	0.0119027397765806	0.063863893609133	0	0	0	9999	0.0653521663167919	1.0745759766526
GSM1426186	0.0608746385329285	0.0524111055984378	0.275960762585024	0.347308221881291	0	0.058794853976628	0	0.00388424423309503	0.0134445845420907	0	0.0652859939904359	0.0129751173843138	0	0.0485454839711234	0.0118678089619059	0.0396291332560816	0	0	0.000747191413242365	0.00514747970119991	0.00312337997220311	0	9999	0.306590183825534	0.991197972341718
GSM1945759	0.0191594870630834	0.051459572601949	0.0980036649096395	0.19782123743492	0	0.042329096559978	0	0	0.0710815020783938	0	0.0622237674323415	0	0	0.206938312949679	0.132812773616401	0.0334378532504285	0	0.027942703143469	0.00585551113735161	0.0014237937471298	0	0.0495107240752356	9999	0.0970126883070056	1.06200136867944
GSM1945760	0.0332802774373767	0.0316701257094361	0.065574867630904	0.0545348913144364	0	0.264841444172518	0.00500518689768073	0	0.0239131445951543	0	0.104046558965964	0	0	0.196761336842376	0.114978300286072	0.0395073442141721	0	0.0478526475689922	0.00504334519529682	0.00813356988192163	0	0.00485695928769912	9999	0.383808687744847	0.925578620660983
GSM1945761	0.00601778150774153	0.0113440238065595	0.142501560471767	0.193814682623858	0	0.137629257528821	0	0	0.112647152882557	0	0.0576268184912091	0.056207082037329	0.0464091155841277	0.0404916521390827	0.0497696250958619	0.0314266814282887	0	0.0363963207600448	0.0777182456427522	0	0	0	9999	0.0378971772135845	1.08308013189074
GSM1945762	0.0320529888476937	0.000268493457502416	0.181995056087935	0.348392421818266	0	0.153241361296057	0	0	0.108149419265435	0	0.0293045822485576	0.0307198252813186	0.00497883404201351	0.0479569789461794	0.015176367878507	0.00161030491266607	0	0.0279291643568383	0.0182242015610312	0	0	0	9999	0.093152111149783	1.09078056634953
GSM1945763	0	0.00356523355748808	0.173242023995776	0.377048959788017	0	0	0	0.0322239184295283	0.127917741158233	0	0.0208201909226039	0.0780121744512349	0.0848404098537925	0.0588741111824377	0	0	0	0.0222924608429473	0.0211627758179416	0	0	0	9999	0.00201826284659621	1.12515737483929
GSM1945764	0.111750694592424	0	0.135279151794421	0.27306819896064	0	0.156451983562507	0	0	0.0930020706990269	0	0.104737391613873	0	0.0221402294086993	0.0314937621956096	0.021855732930069	0.00649549738239686	0	0.0293886936372905	0	0.0102862074566386	0	0.00405038576640334	9999	0.0677443412172129	1.09447407520608
GSM1945765	0	0.0787117279420841	0.11718676877219	0.158967782375959	0	0.129740152868947	0.0215570686840083	0	0.0237840938969377	0	0.0897210761821755	0	0.0335527718724174	0.0595852405057251	0.0853888807218096	0.0931752265277373	0	0.0318215992901544	0.07067079815393	0	0	0.00613681220592431	9999	0.217570067582375	0.99663045664152
GSM1945766	0.0750061617784593	0.114389925163085	0.0763221009502885	0.123609631153611	0	0.119362604326124	0	0	0.00323165793090981	0	0.100831917814675	0	0.0467086323851075	0.166742101964052	0.0486230496205981	0	0	0.0719239146377879	0	0.0277461927077479	0	0.0255021095675531	9999	0.226744763739657	0.997417292077417
GSM1945767	0	0.0217571174422382	0.0954327571707037	0.287748667533526	0	0.0788790231101329	0	0.0381283545729169	0.113120305374684	0	0.0880484799207142	0	0.0422128768557705	0.136586891306242	0.00679843520639004	0	0	0.0193186906657031	0	0.0197208659066581	0	0.0522475349343205	9999	0.0361764110202885	1.08994659827931
GSM1945768	0.0376151847016726	0.0381620348862586	0.155375953188565	0.156716472509372	0	0.0880356729466936	0	0	0.0932033736099859	0	0.0896054143454924	0.00850889578830014	0	0.0523555416664325	0.0580358605236819	0.0635565253075047	0	0.0835434220595229	0.0147712279929881	0.0101325069987242	0	0.0503819134748051	9999	0.126447284595661	1.04251321365557
GSM1945769	0.0200801192918908	0.0434147855300367	0.117329109586282	0.305210352002521	0	0.0862854061121937	0	0	0.0972780822405568	0	0.0937838689310183	0	0.0376693731578846	0.0772653709843728	0.0328831707281737	0	0	0.0296582800804901	0.00887351354021028	0.0179878928341192	0	0.0322806749802499	9999	0.0289007181567945	1.09665099080438
GSM1945770	0.125037021468742	0.0483607461194791	0.0946991024384135	0.208588823569947	0	0.102137787806992	0	0	0.0525852642950585	0	0.10440371898604	0	0	0.0177419544491981	0.0350431433743029	0	0	0.0346983409212633	0	0.0784236844761398	0	0.0982804120944236	9999	0.14337331581872	1.04424056788798
GSM1945771	0.00379830548680744	0.066888629728586	0.157502724178901	0.226311708529118	0	0.00981647784204909	0	0	0.0526552724557655	0	0.0473182603451923	0.0219878121973061	0.0530404943289444	0.089403758822766	0.0853749848474584	0	0	0.107797802767795	0.0583237300900419	0	0	0.0197800383792698	9999	0.148068718481761	1.03561637807823
GSM1945772	0.0225529295747019	0.072019423480621	0.163510244664795	0.301131458701953	0	0.0495081730793211	0	0.00773546339892492	0.108020410859137	0	0.0376575000836051	0.0270232419233541	0.031504028716722	0.108301410329901	0.0142452640234007	0	0	0.0482854728483814	0	0.00850497831518176	0	0	9999	0.0923035870617138	1.07305348164656
GSM1945773	0.101476709595702	0.0609751824793419	0.064311947483109	0.108309441037466	0	0.0319273138809339	0	0.0548980266516496	0.0705525706676837	0	0.101480687223033	0	0	0.0782133699643703	0.0950732892588794	0	0	0.099443996323065	0	0.0115430987736745	0	0.121794366661093	9999	0.221785586716978	1.00318368897608
GSM1945774	0.0651358354823087	0.0301641679611625	0.0275721655963234	0.0716368041981063	0	0.093938274497115	0.000665316307382579	0	0.0768468243644599	0	0.134044106615081	0	0	0.222545751461727	0.0348034271053053	0	0	0.0669224400093098	0	0.0938726147115379	0	0.0818522716901805	9999	0.176929991520775	1.01997505041644
GSM1945775	0	0.145761756089204	0.196469574586542	0.254021326856264	0	0	0	0	0.1096956927541	0	0.0220156898623365	0.0511482425362017	0.0873010399619511	0.0865070145545362	0.00277132995272842	0	0	0.0279851794180791	0.0163231534280573	0	0	0	9999	0.1488338340707	1.05011148752556
GSM1945776	0.0970194762878796	0.142861432632265	0.0436538984916818	0.170626016089705	0	0	0	0	0.0709505048146647	0	0.0819908179060798	0	0.00372943783545235	0.19746478686225	0.174425503226116	0.00942143651751231	0	0	0.00785668933639281	0	0	0	9999	0.390099427139291	0.927981742731937
GSM1945777	0	0.0136379649244923	0.12830373369646	0.451276605988399	0	0	0	0.0336563878192726	0.123416977333377	0	0.0461691703869642	0.0298344743734511	0.0672964880839319	0.0327087308839596	0.0244118951513142	0	0	0.0308397334518663	0.0184478379065123	0	0	0	9999	0.00538588482038531	1.12882193562216
GSM1945778	0.0146634428258867	0.0184276280653098	0.0813404151130148	0.193387322004383	0	0.272360682954538	0.00383343108826875	0	0.101432106594695	0	0.12573842237807	0	0.0399402186756232	0.0127208304021874	0.0263181387096864	0	0.00281426397138548	0.0476050992576334	0	0.0471090365993423	0	0.0123089613599751	9999	0.0943395219917457	1.07437830688203
GSM1945779	0.0044747174368081	0.022005643210555	0.112521522732528	0.464777390800555	0	0	0	0.0152147904523944	0.0988857802897857	0	0.0303058975349721	0.0185191821707471	0.0461985559630329	0.109800764722921	0.000305778247268635	0	0	0.0152162714358714	0.0617737050025613	0	0	0	9999	0.0313246068765271	1.10514475122628
GSM1945780	0.13140034569239	0.00425899542971047	0.10637248831715	0.277696641534363	0	0.138346795883376	0	0	0.0842101109243787	0	0.114353319333547	0.0123942198688711	0.0516016167828419	0.0400752020618393	0.0258967270886869	0.00520070961742684	0	0	0.00819282746541827	0	0	0	9999	0.0595281382319565	1.09847418131235
GSM1945781	0.0648256497302574	0	0.169942641004811	0.384099137942622	0	0.113120850329147	0	0	0.0780874969304112	0	0.00221364129218677	0.05834530969191	0	0.040828601329799	0.0240779876796235	0.0127996647949649	0	0	0.0493238021449341	0	0	0.00233521712933292	9999	0.042530189128803	1.11463342281417
GSM1945782	0.0531849216030018	0.148430313586799	0.0543376470955461	0.1553000559722	0.0523468995410755	0.0260572195889466	0.0145969935172233	0	0.0218623957424403	0	0.0813371888917405	0	0.0181908235429832	0.192540727736906	0.0838343510701007	0.0122627813529986	0	0.0447433357059367	0	0.00224757275853526	0	0.0387267722935669	9999	0.642042959968268	0.787725595326149
GSM1945783	0	0.00111608241798184	0.10427135427582	0.408479100209458	0	0.0550372886211032	0	0.00210745270624542	0.0620004794317284	0	0.0898474673570065	0	0.0633303566721751	0.0425051987346718	0.038211322806596	0.0658742190700794	0	0.0367676251970775	0.0304520525000568	0	0	0	9999	0.0211463463262011	1.10424475814203
GSM1945784	0	0.0171992144744022	0.0261708650021342	0.032418456445795	0	0.174879095242828	0.0027945705295279	0	0	0	0.0571557581726354	0	0.00802861310969122	0.149913952625541	0.143239750870073	0.0257877970488654	0	0.11472167347832	0	0.057156847764155	0	0.190533405236032	9999	0.505670860917532	0.862496787454414
GSM1945785	0.111039841737714	0.0761728683990655	0.0378683763341429	0.0752234393805762	0.0699648969742412	0.128791047042717	0.0191166168302687	0	0.021634233286856	0	0.0869130452251326	0	0.0231523129087603	0.182629487559203	0.106948913222256	0.00163111848898884	0	0.0515670126197471	0.00056394558561008	0	0	0.00678284440472089	9999	0.523583925855522	0.853579279452361
GSM1945786	0.104325265285209	0.0313147700207541	0.151884756130811	0.227745966648406	0	0.145144055257346	0	0	0.0369357654667966	0	0.0342495992435227	0.0369220278977153	0.0159811722697878	0.0901004323763196	0.0581457598601884	0	0	0.0269367695227427	0.0330546565485977	0	0	0.00725900347180354	9999	0.126988218542501	1.05413160950851
GSM1945787	0	0.0570999066440014	0.104941758835372	0.144685659178784	0	0.166280781489573	0	0	0.0495450119050178	0	0.0687643545996078	0	0.0687766571105404	0.0616397267854291	0.0570064764839376	0.0938143285974815	0	0.031838505019634	0.0956068333506213	0	0	0	9999	0.087214535186957	1.0439444267741
GSM1945788	0.024748618864651	0.0234428904186816	0.137664373774462	0.223267568593869	0	0.126606553107213	0	0	0.0143681159117867	0	0.010602701244278	0.0632363290805975	0.0731602183938165	0.143339660525254	0.0761824505286064	0	0	0.0341865091710994	0.0491940103856844	0	0	0	9999	0.116194765059681	1.04708991594583
GSM1945789	0.0159185792931472	0	0.200701596547787	0.3067235526026	0	0.13664518327649	0	0	0.0215877367820484	0	0.00435621843873773	0.0365379160442854	0.0358134883858711	0.0241411733949746	0.0466038756244679	0.0270681454289416	0	0	0.134352911384068	0	0	0.00954962279658098	9999	0.241065711098925	0.999852635748251
GSM1945790	0.0484398695497424	0.0592292013585994	0.158186341184779	0.228598368270339	0	0.192551057440155	0	0	0.0524249236326361	0	0.0422781026582591	0.0352518448665747	0.0160979084388915	0.0704459223179576	0.0363462522333974	0	0	0.0422110704216453	0.012773356440847	0	0	0.00516578118617637	9999	0.0941623721010414	1.07422263930083
GSM1945791	0.0453256933995605	0.080824167239486	0.117162038672222	0.159143500625891	0	0.0762910008448286	0.00469413807278304	0	0.118476790987837	0	0.120858542697506	0	0	0.0410226877981709	0.023363579003777	0.053409555842033	0	0.0594833051129145	0	0.0849556722848067	0	0.0149893274181829	9999	0.187487567949849	1.0171932089729
GSM1945792	0.0428141317386641	0.100561502372231	0.133945765046869	0.0755558027805355	0	0.0361018761999767	0	0.0819055934773475	0.0292874274601237	0	0.0494387143787279	0	0	0.186629834752521	0.0951427799631535	0.0141084725416611	0	0.0278862695393865	0.00404055574544632	0.0239393847623124	0	0.0986418892410435	9999	0.400245926015674	0.917410794695446
GSM1945793	0.0213153451321069	0.0551012850570147	0.0623703774881735	0.0461024793210009	0	0.113504237476812	0.0301027696568936	0	0	0	0.0943272987797455	0	0.00479907549230201	0.261368255865629	0.19639802802547	0.0151912305685182	0	0.0150817185918034	0	0.0253868364674771	0	0.0589510620770533	9999	0.505886450612427	0.861971924385319
GSM1945794	0	0.0106576202666642	0.155178596011164	0.293041260973248	0	0.176981961975966	0	0	0.0161119240153173	0	0.069126843392129	0	0.0424400668297922	0.0912935435416203	0.0216995545865898	0.0577873346240648	0	0.00796464664462729	0.0339066479228806	0.00282883471074729	0	0.0209811645051889	9999	0.0965326667017255	1.06290566980804
GSM1945795	0.0260545332909111	0.0452940994251366	0.13019984781467	0.187290347574331	0	0.0533079800331311	0	0	0.0831572568057204	0	0.106520101992866	0	0	0.188302341999376	0.0270114434602721	0	0	0.0267926499546373	0	0.107504837791027	0	0.0185645598579218	9999	0.142692579752738	1.03846725425195
GSM1945796	0.0986891886303424	0.112095051934687	0.17255573231389	0.174798724444716	0	0.234999342368623	0	0	0.0426037731472485	0	0.00456244278032277	0	0	0.0369322383747956	0.00443842783490635	0.0482003449942314	0	0.0477188199398928	0	0.0224059132363441	0	0	9999	0.205448283493982	1.02707159670173
GSM1945797	0	0.0372557115108283	0.101333004544217	0.165411589364872	0	0.149971631089399	0.0221829539979087	0	0.0700781674129512	0	0.0828885868753524	0	0.00412106249710613	0.195337736286378	0.0601733211802903	0	0	0.0441643060804805	0.0156114860184028	0	0	0.0514704431418145	9999	0.113802784004013	1.046417412852
GSM1945798	0.0163236644036953	0.0393802086859737	0.0980925610300364	0.179602023878839	0	0.237395911817871	0	0	0	0	0.0734432288494385	0	0.0126049539937569	0.177645343869508	0.0361997683310637	0	0	0.0393840588178333	0.0351275574272217	0	0	0.0548007188947617	9999	0.0870670396828312	1.05881665701413
GSM1945799	0.0646399557460968	0	0.10783143439423	0.266236345491289	0	0.222231156211768	0	0	0	0	0.0302996566550922	0.00595548314438314	0.0222327380505022	0.139267465183835	0.0405815456056937	0	0	0.0352425165676231	0.0492464835530307	0	0	0.016235219396456	9999	0.0989184005878859	1.05873184167647
GSM1945800	0.021753765267215	0	0.164775114131303	0.178078699990421	0	0.146259719354748	0	0	0.101978710372761	0	0.0896494065746168	0.00938390509390154	0.0456628777929942	0.131677090072468	0.0319800324396208	0	0	0.0510858094251613	0.025895520807308	0.00181934867748229	0	0	9999	0.0737236972532092	1.06743755965804
GSM1945801	0.120335574066277	0.0753522671055232	0.167021560770608	0.226813787707894	0	0.0924388216558888	0	0	0.0362040667579158	0	0	0.022565674353432	0.0230275977244725	0.0035753265542865	0.0079279117774684	0.167200491218307	0	0.00951513060093145	0.0480217897069954	0	0	0	9999	0.143856844077659	1.04565912415498
GSM1945802	0.0210260580799905	0.0482709530250124	0.0827883655643209	0.134576645116671	0	0.163330785667357	0.00472757117579395	0	0.0172249057892528	0	0.0821809096229018	0	0	0.108369285347567	0.116065928747646	0	0	0.133147974780926	0	0.0332051657554718	0	0.0550854513270896	9999	0.264185555728282	0.986202194581711
GSM1945803	0.0413303148448698	0.0902780116155524	0.0815424170830145	0.101740809409734	0	0.172032027595773	0.0389437546777909	0	0	0	0.0994632400352805	0	0.00431643901673204	0.104680331340308	0.174795553523181	0.0301638181602658	0	0.0354475198718415	0	0	0	0.0252657628256573	9999	0.337552330298707	0.952950195016986
GSM1945804	0	0.121761253917074	0.0788772391609503	0.0732075614132457	0	0.199562042299984	0.00528359535221164	0	0	0	0.077502606379972	0	0	0.140186601697595	0.130120673808202	0	0	0.060116447026213	0	0.0278724924766857	0	0.0855094864678659	9999	0.505269547666783	0.863282331326351
GSM1945805	0.0245965118764193	0.0900182342636045	0.0950237466412093	0.0796692198831341	0	0.231160459299213	0	0	0.0157718514123387	0	0.0876354670370884	0	0	0.151015895120462	0.182084183097355	0.0219940170696452	0	0	0.0105375841043014	0.010492830195229	0	0	9999	0.4820182530369	0.875450048286118
GSM1945806	0.0114868902076533	0.00947112818226576	0.153587336226654	0.221847950848918	0	0.140179185569262	0	0.0254053095652116	0.042561458094913	0	0.048646982254142	0	0	0.0237427589208721	0.0406729435461949	0.0832675541212856	0	0.0849542787032438	0	0.0540474722229264	0	0.0601287515364578	9999	0.116835399220718	1.04534704492192
GSM1945807	0.00511952838950727	0.0187143227481125	0.122431831114389	0.404444652927421	0	0.145761114474249	0	0	0.0534214854619427	0	0.0633035025575745	0	0.0653352342470041	0.0540489618778406	0.0256214809312467	0	0	0.00720632079032187	0	0.0345915644803908	0	0	9999	0.0222077102503563	1.1172349645478
GSM1945808	0.0977694348547663	0.219678797322595	0.0475355307996791	0.151965540662899	0	0.0276623068240215	0	0	0	0	0.0625739041636554	0	0	0.129515405313488	0.13655262047416	0	0	0.0650456887097935	0	0.0451382338621019	0	0.0165625370128417	9999	0.294058538949439	0.980462433388365
GSM1945809	0.0472794742379767	0.109248679042429	0.120186921777575	0.178581610666061	0	0.14350158327549	0	0	0.016079983683855	0	0.0883254829732943	0	0	0.0496216269284648	0.102975115956715	0.0381772433983892	0	0.0297787187869306	0	0.0393006291898051	0	0.0369429300830147	9999	0.198593940105566	1.01804491032276
GSM1945810	0	0.0145082029693235	0.175267490637106	0.254352960494436	0	0.0658669192400848	0	0	0.0892010109576756	0	0.00735728408817678	0.10679459909833	0.0534024338932672	0.0791033262501752	0	0.0323589005701422	0	0.03015016161055	0.0916367101907329	0	0	0	9999	0.00830714745610741	1.10180166878587
GSM1945811	0	0.0775744385298101	0.184583377714205	0.357542559510702	0	0	0	0	0.0786950423523017	0	0.0483107189595129	0.0529048186329921	0.0727846058757077	0.112009918150187	0.00194926149729009	0	0	0.00356319890686032	0.0100820598704305	0	0	0	9999	-0.00288016535445764	1.12704762851022
GSM1945812	0	0.0207107249324815	0.131784537327098	0.266048888442281	0	0.112486311501425	0	0	0.0805667886233373	0	0.0794025346805197	0	0.0424075431509752	0.152026300489864	0.0375915409498433	0.0162368619818106	0	0.0296710743126429	0.0310668936077209	0	0	0	9999	0.0547057801564593	1.07640302515252
GSM1945813	0.0899766855886119	0.0406218385681498	0.0923959842610303	0.235654490040611	0	0.105689225317246	0.0385607356837171	0.0275111345883109	0.0107485540221491	0	0.0944696429104222	0	0.0435348006170165	0.127934851862761	0.0621906989346583	0	0	0.0108606501770925	0.0198507074282238	0	0	0	9999	0.138536210324114	1.04048515999365
GSM1945814	0.0735073794624555	0.125252993815135	0.120575049214339	0.236213428101726	0	0	0	0	0.114285721961077	0	0.0895214550502242	0	0.0337917679581172	0.0813530277283926	0.0333843696459242	0	0	0.060357826334991	0	0.0317569807276175	0	0	9999	0.103958915082885	1.06312772679853
GSM1945815	0.197164968702436	0.0918977738151193	0.110612677925586	0.215529048368084	0	0.0586897130990204	0	0	0.0466779894495842	0	0.086235990895164	0	0	0.021524806344233	0.00828550459373094	0.044275122088156	0	0.0402300909422546	0	0.0394579761236842	0	0.0394183376529481	9999	0.0736405359187535	1.08909036809685
GSM1945816	0.224904147141054	0	0.107153988034121	0.327842395761438	0	0.0850159000055293	0	0	0.0675130902125838	0	0.031485157575279	0.023863389269993	0	0.0620662442073716	0.00540426367892016	0.0130895793521325	0	0	0.0516618447615776	0	0	0	9999	0.0256166113265699	1.11821819541619
GSM1945817	0.0847781271316571	0.0194971774904479	0.187079823575715	0.403751282465718	0	0.0222494298525738	0	0	0.0636589524022541	0	0.00487686172853091	0.0760175208685999	0	0.0413762330879854	0	0.0635028495028257	0	0.00831897884532539	0.0248927630483666	0	0	0	9999	-0.00611504575347046	1.14078726381433
GSM1945818	0.0337721386967354	0.0855683190785613	0.127769504183383	0.331695361095947	0	0.117027811954936	0	0.0569078918498896	0	0	0.0771010935116513	0.000267815611826795	0.0426631446370481	0.0738754170235465	0.0029285526863522	0.00287234958445572	0	0.0219586578062745	0.0255919422793926	0	0	0	9999	0.0802499159360134	1.08378554336018
GSM1945819	0.0554865433816374	0.0206987438919224	0.172033025898442	0.32495094957035	0	0.122621018252272	0	0	0	0	0.0209282315943486	0.0464509033356788	0	0.0919904912105591	0.0555505654950335	0	0	0.044217644453285	0.0426423918633002	0	0	0.00242949105317115	9999	0.0631917252382371	1.09082778421384
GSM1945820	0.0360985270657065	0	0.174980363406218	0.279885813846789	0	0.136694631055967	0	0	0.0918046181416065	0	0.0666803415619822	0.0753326534543659	0.0126360470865129	0.0303332447607591	0	0.0224335422818164	0	0.00703826244382817	0.0660819548944483	0	0	0	9999	0.0170600423448565	1.12339490596537
GSM1945821	0	0.0692510742081788	0.129100117130247	0.322842186940785	0	0.0629251080947564	0	0.0124860682022991	0.0240777145463095	0	0.0843214555549953	0	0.0368722438476282	0.134488499221622	0.0231409948485944	0.0370119632143877	0	0.0142369549457803	0.0464719495511878	0	0	0.00277366969322797	9999	0.0448440989219616	1.08374736786626
GSM1945822	0	0	0.158951214354321	0.15450360087287	0	0.232746604959757	0	0	0.0741354014388214	0	0.0217327295363955	0.129308947391827	0.0289544174873588	0.0349757573445862	0.00468244097470125	0.0212535631246381	0	0.0202719752538779	0.118483347260846	0	0	0	9999	0.0108500595223736	1.10963810768074
GSM1945823	0.0900800818307785	0.150825244378682	0.0766730315358245	0.255170664060626	0	0.0549549117848378	0	0	0	0	0.0677624038492154	0	0	0.116184607082297	0.0735729572297285	0.0418416188326243	0	0.053247194953044	0.0196872844623417	0	0	0	9999	0.21631680975342	1.01134167697908
GSM1945824	0	0.131865406965882	0.118546033720581	0.333532781097851	0	0.0628175063203808	0	0	0.0621573325510289	0	0.0705169928659321	0.0273966652225691	0.0443169234104455	0.057089221302988	0.0119270517399929	0	0	0.0268360014314478	0.0529980833709006	0	0	0	9999	0.0219666270696751	1.10736716903849
GSM1945825	0.034675782424051	0	0.185136922062953	0.407577280946758	0	0.0398234403433461	0	0	0.128958152684138	0	0.0293935550506908	0.0268258752763503	0.0488294873015339	0.0481440986598583	0.0163212876265079	0	0	0	0.0343141176238124	0	0	0	9999	0.00463728084622505	1.12910006463917
GSM1945826	0.107762131710184	0.383146382602135	0	0.124493219073288	0.0450290796920019	0.0823162937599477	0.00388926998232041	0	0.0173915655547007	0	0.0488052522132526	0	0.0129338946139247	0.0983340104723623	0.00138832898703789	0.0432839240927682	0	0.0312266472460764	0	0	0	0	9999	0.353917614753155	0.95680570762984
GSM1945827	0.408452621603292	0	0.0243261148637234	0.300547649618847	0	0	0	0.0156748448606987	0.0835046643222621	0	0	0.0244080226180751	0.0312007796691569	0.0585242533064018	0	0.030442459541155	0	0.0168479232499812	0.00607066634640765	0	0	0	9999	0.118404523320148	1.08961800594348
GSM1945828	0	0.00724224017312597	0.133529723810508	0.406901571074418	0	0	0.0175977911703923	0	0.06102376696537	0	0.0379914175969829	0.0829261184663922	0.0411328305253483	0.0398453645269375	0	0.0554324461839561	0	0.00909745238600317	0.107279277120566	0	0	0	9999	-0.0117699795740431	1.12437675603635
GSM1945829	0.108996793539542	0	0.0626614856254701	0.364124660467843	0	0	0	0.0537232099393439	0.108686400345926	0	0.00591825381536166	0.070983219442638	0.0692155037524472	0.0826340233424383	0.00121387282582432	0.00673744638092882	0	0.0310274579249068	0.0340776725973301	0	0	0	9999	-0.0179342792542432	1.12047207233503
GSM1945830	0.0568565032316499	0.0970511916984126	0.0490864425108978	0.447631781237619	0	0.0184936520887834	0	0.0258414294587091	0.0787407991367548	0	0.0054786642038925	0.0189389952250989	0.0169487341510921	0.0713731017317583	0.0130300983099719	0.0439594273712578	0	0.00127771461810735	0.0552914650259946	0	0	0	9999	0.00832316241284936	1.11598753826102
GSM1945831	0.0303753115975021	0	0.104067897456043	0.387675704133969	0	0.0869744403261868	0	0	0.0850135823188691	0	0.0101706077814701	0.0740062836271298	0.0310266759796632	0.0620046541605637	0	0.0444793029052966	0	0	0.0842055397133067	0	0	0	9999	-0.0103646513473537	1.12387072240528
GSM1945832	0.116968712282885	0	0.171786359579485	0.300271473250784	0	0	0	0.00532045697282251	0.192801746666232	0	0.0535668212883157	0.0417307300399859	0	0.0647923592598164	0.00568045445616001	0.0427881873291608	0	0	0.00265821877934574	0.00163448009500728	0	0	9999	0.0297598696555629	1.11640302286768
GSM1945833	0.0510072799538464	0.255930463149385	0.0119386571844694	0.230340768231548	0	0.100423571983437	0	0	0.0737887169267941	0	0.107744513424664	0	0.0324912079730696	0.0571896690555669	0.00816649694545775	0.0445042385792576	0	0	0.0264744165925038	0	0	0	9999	0.162446682838665	1.04437042123361
GSM1945834	0.11705207518614	0.1340600318971	0.0803822214125918	0.290705323093669	0	0	0	0.0514374273502236	0.107572026974986	0	0.0625715399799561	0.0269040976868087	0.0435578564508264	0.064009021500455	0	0.00929588569501649	0	0.00342182742053039	0.00903066535169681	0	0	0	9999	0.0524856320873999	1.10244727564728
GSM1945835	0.188737877794813	0	0.051729827305723	0.367367128119807	0	0	0	0.0425835275410313	0.117952731357841	0	0.034924292279447	0.0247350500792502	0.0408343844750014	0.0505784754510865	0	0.0380356581856146	0	0.00905662028054324	0.0334644271298419	0	0	0	9999	-0.00190633146983254	1.12055074253861
GSM1945836	0.0428093140762345	0	0.108822025872946	0.376195570141664	0	0	0	0	0.107854077241661	0	0.00335083871514235	0.11401735727952	0.0998602738825827	0.0713359117995314	0	0	0	0	0.0757546309907175	0	0	0	9999	-0.0206977418556414	1.12735414856235
